196,374,298,471,danger
